
  ==================================================
  Large Scale Optimization with off-line capability.
  ==================================================

  OPTIM_READPARMS: Control options have been read.
  OPTIM_READPARMS: Minimization options have been read.

  OPTIM_READDATA: Reading cost function and gradient of cost function
                  for optimization cycle:            0
                  ... header only
  
  OPTIM_READDATA: opened file ecco_cost_MIT_CE_000.opt0000                                                                                                    
  OPTIM_READDATA: nvartype            7
  OPTIM_READDATA: nvarlength    296600122
  OPTIM_READDATA: yctrlid MIT_CE_000
  OPTIM_READDATA: filenopt            0
  OPTIM_READDATA: fileff    1898641.8462435429     
  OPTIM_READDATA: fileiG            1
  OPTIM_READDATA: filejG            1
  OPTIM_READDATA: filensx            1
  OPTIM_READDATA: filensy            1
  OPTIM_READDATA: nWetcGlobal       146614      146557      142653      139792      136825      133553      131470      129780      128361      127021      125587      124369      123291      122116      120863      119412      117727      115394      112925      110200      107302      104923      102955      101550      100382       99373       98443       97506       96596       95629       94553       93401       92241       90940       89627       88043       86282       84168       81637       78379       74583       69315       63390       55642       45018       35185       25952       16615        7609        1274
  OPTIM_READDATA: nWetsGlobal       144309      144236      140212      137267      134245      131041      128957      127278      125842      124493      123036      121820      120771      119578      118312      116887      115148      112863      110435      107815      105121      102928      101042       99757       98607       97613       96676       95722       94791       93749       92636       91435       90239       88896       87561       85992       84218       82089       79568       76306       72472       67072       61062       53295       42743       33316       24343       15148        6582         978
  OPTIM_READDATA: nWetwGlobal       144942      144873      140836      137894      134876      131623      129553      127811      126366      125011      123531      122295      121222      120043      118810      117350      115627      113295      110824      108165      105424      103204      101371      100108       98989       97988       97038       96061       95122       94093       92984       91816       90615       89245       87899       86320       84534       82393       79812       76525       72710       67285       61240       53428       42812       33347       24377       15129        6596         932
  OPTIM_READDATA: nWetvGlobal            0           0           0           0           0           0           0           0           0           0           0           0           0           0           0           0           0           0           0           0           0           0           0           0           0           0           0           0           0           0           0           0           0           0           0           0           0           0           0           0           0           0           0           0           0           0           0           0           0           0
  OPTIM_READDATA: ncvarindex           -1          -1          -1          -1          -1          -1          -1          -1          -1          -1          -1          -1          -1          -1          -1          -1          -1          -1          -1          -1          -1          -1          -1          -1          -1          -1          -1          -1          -1          -1          -1          -1          -1          -1          -1          -1          -1          -1          -1          -1          -1          -1          -1          -1          -1          -1          -1          -1          -1          -1          -1          -1          -1          -1          -1          -1          -1          -1          -1          -1          -1          -1          -1          -1          -1          -1          -1          -1          -1          -1          -1          -1          -1          -1          -1          -1          -1          -1          -1          -1          -1          -1          -1          -1          -1          -1          -1          -1          -1          -1          -1          -1          -1          -1          -1          -1          -1          -1          -1          -1          -1          -1          -1          -1          -1          -1          -1          -1          -1          -1          -1          -1          -1          -1          -1          -1          -1          -1          -1          -1          -1          -1          -1          -1          -1          -1          -1          -1          -1          -1          -1          -1          -1          -1          -1          -1          -1          -1          -1          -1          -1          -1          -1          -1          -1          -1          -1          -1          -1          -1          -1          -1          -1          -1          -1          -1          -1          -1          -1          -1          -1          -1          -1          -1          -1          -1          -1          -1          -1          -1          -1          -1          -1          -1          -1          -1          -1          -1          -1          -1          -1          -1          -1          -1          -1          -1          -1          -1          -1          -1          -1          -1          -1          -1          -1          -1          -1          -1          -1          -1          -1          -1          -1          -1          -1          -1          -1          -1          -1          -1          -1          -1          -1          -1          -1          -1          -1          -1          -1          -1          -1          -1          -1          -1          -1          -1          -1          -1          -1          -1          -1          -1          -1          -1          -1          -1          -1          -1          -1          -1          -1          -1          -1          -1          -1          -1          -1          -1          -1          -1          -1          -1          -1          -1          -1          -1          -1          -1          -1          -1          -1          -1          -1          -1          -1          -1          -1          -1          -1          -1          -1          -1          -1          -1          -1          -1          -1          -1          -1          -1          -1          -1          -1          -1          -1          -1          -1          -1          -1          -1          -1          -1          -1          -1          -1          -1          -1          -1          -1          -1         401         402         403         404         405         406         407          -1          -1          -1          -1          -1          -1          -1          -1          -1          -1          -1          -1          -1          -1          -1          -1          -1          -1          -1          -1          -1          -1          -1          -1          -1          -1          -1          -1          -1          -1          -1          -1          -1          -1          -1          -1          -1          -1          -1          -1          -1          -1          -1          -1          -1          -1          -1          -1          -1          -1          -1          -1          -1          -1          -1          -1          -1          -1          -1          -1          -1          -1          -1          -1          -1          -1          -1          -1          -1          -1          -1          -1          -1          -1          -1          -1          -1          -1          -1          -1          -1          -1          -1          -1          -1          -1          -1          -1          -1          -1          -1          -1          -1
  OPTIM_READDATA: ncvarrecs             0           0           0           0           0           0           0           0           0           0           0           0           0           0           0           0           0           0           0           0           0           0           0           0           0           0           0           0           0           0           0           0           0           0           0           0           0           0           0           0           0           0           0           0           0           0           0           0           0           0           0           0           0           0           0           0           0           0           0           0           0           0           0           0           0           0           0           0           0           0           0           0           0           0           0           0           0           0           0           0           0           0           0           0           0           0           0           0           0           0           0           0           0           0           0           0           0           0           0           0           0           0           0           0           0           0           0           0           0           0           0           0           0           0           0           0           0           0           0           0           0           0           0           0           0           0           0           0           0           0           0           0           0           0           0           0           0           0           0           0           0           0           0           0           0           0           0           0           0           0           0           0           0           0           0           0           0           0           0           0           0           0           0           0           0           0           0           0           0           0           0           0           0           0           0           0           0           0           0           0           0           0           0           0           0           0           0           0           0           0           0           0           0           0           0           0           0           0           0           0           0           0           0           0           0           0           0           0           0           0           0           0           0           0           0           0           0           0           0           0           0           0           0           0           0           0           0           0           0           0           0           0           0           0           0           0           0           0           0           0           0           0           0           0           0           0           0           0           0           0           0           0           0           0           0           0           0           0           0           0           0           0           0           0           0           0           0           0           0           0           0           0           0           0           0           0           0           0           0           0           0           0           0           0           0           0           0           0           0           0           0           0           0           0           0           0           0           0           0           0         289         289         289         289         289         289         289           0           0           0           0           0           0           0           0           0           0           0           0           0           0           0           0           0           0           0           0           0           0           0           0           0           0           0           0           0           0           0           0           0           0           0           0           0           0           0           0           0           0           0           0           0           0           0           0           0           0           0           0           0           0           0           0           0           0           0           0           0           0           0           0           0           0           0           0           0           0           0           0           0           0           0           0           0           0           0           0           0           0           0           0           0           0           0           0           0           0           0           0           0
  OPTIM_READDATA: ncvarxmax             0           0           0           0           0           0           0           0           0           0           0           0           0           0           0           0           0           0           0           0           0           0           0           0           0           0           0           0           0           0           0           0           0           0           0           0           0           0           0           0           0           0           0           0           0           0           0           0           0           0           0           0           0           0           0           0           0           0           0           0           0           0           0           0           0           0           0           0           0           0           0           0           0           0           0           0           0           0           0           0           0           0           0           0           0           0           0           0           0           0           0           0           0           0           0           0           0           0           0           0           0           0           0           0           0           0           0           0           0           0           0           0           0           0           0           0           0           0           0           0           0           0           0           0           0           0           0           0           0           0           0           0           0           0           0           0           0           0           0           0           0           0           0           0           0           0           0           0           0           0           0           0           0           0           0           0           0           0           0           0           0           0           0           0           0           0           0           0           0           0           0           0           0           0           0           0           0           0           0           0           0           0           0           0           0           0           0           0           0           0           0           0           0           0           0           0           0           0           0           0           0           0           0           0           0           0           0           0           0           0           0           0           0           0           0           0           0           0           0           0           0           0           0           0           0           0           0           0           0           0           0           0           0           0           0           0           0           0           0           0           0           0           0           0           0           0           0           0           0           0           0           0           0           0           0           0           0           0           0           0           0           0           0           0           0           0           0           0           0           0           0           0           0           0           0           0           0           0           0           0           0           0           0           0           0           0           0           0           0           0           0           0           0           0           0           0           0           0           0           0          18          18          18          18          18          18          18           0           0           0           0           0           0           0           0           0           0           0           0           0           0           0           0           0           0           0           0           0           0           0           0           0           0           0           0           0           0           0           0           0           0           0           0           0           0           0           0           0           0           0           0           0           0           0           0           0           0           0           0           0           0           0           0           0           0           0           0           0           0           0           0           0           0           0           0           0           0           0           0           0           0           0           0           0           0           0           0           0           0           0           0           0           0           0           0           0           0           0           0           0
  OPTIM_READDATA: ncvarymax             0           0           0           0           0           0           0           0           0           0           0           0           0           0           0           0           0           0           0           0           0           0           0           0           0           0           0           0           0           0           0           0           0           0           0           0           0           0           0           0           0           0           0           0           0           0           0           0           0           0           0           0           0           0           0           0           0           0           0           0           0           0           0           0           0           0           0           0           0           0           0           0           0           0           0           0           0           0           0           0           0           0           0           0           0           0           0           0           0           0           0           0           0           0           0           0           0           0           0           0           0           0           0           0           0           0           0           0           0           0           0           0           0           0           0           0           0           0           0           0           0           0           0           0           0           0           0           0           0           0           0           0           0           0           0           0           0           0           0           0           0           0           0           0           0           0           0           0           0           0           0           0           0           0           0           0           0           0           0           0           0           0           0           0           0           0           0           0           0           0           0           0           0           0           0           0           0           0           0           0           0           0           0           0           0           0           0           0           0           0           0           0           0           0           0           0           0           0           0           0           0           0           0           0           0           0           0           0           0           0           0           0           0           0           0           0           0           0           0           0           0           0           0           0           0           0           0           0           0           0           0           0           0           0           0           0           0           0           0           0           0           0           0           0           0           0           0           0           0           0           0           0           0           0           0           0           0           0           0           0           0           0           0           0           0           0           0           0           0           0           0           0           0           0           0           0           0           0           0           0           0           0           0           0           0           0           0           0           0           0           0           0           0           0           0           0           0           0           0           0          18          18          18          18          18          18          18           0           0           0           0           0           0           0           0           0           0           0           0           0           0           0           0           0           0           0           0           0           0           0           0           0           0           0           0           0           0           0           0           0           0           0           0           0           0           0           0           0           0           0           0           0           0           0           0           0           0           0           0           0           0           0           0           0           0           0           0           0           0           0           0           0           0           0           0           0           0           0           0           0           0           0           0           0           0           0           0           0           0           0           0           0           0           0           0           0           0           0           0           0
  OPTIM_READDATA: ncvarnrmax            0           0           0           0           0           0           0           0           0           0           0           0           0           0           0           0           0           0           0           0           0           0           0           0           0           0           0           0           0           0           0           0           0           0           0           0           0           0           0           0           0           0           0           0           0           0           0           0           0           0           0           0           0           0           0           0           0           0           0           0           0           0           0           0           0           0           0           0           0           0           0           0           0           0           0           0           0           0           0           0           0           0           0           0           0           0           0           0           0           0           0           0           0           0           0           0           0           0           0           0           0           0           0           0           0           0           0           0           0           0           0           0           0           0           0           0           0           0           0           0           0           0           0           0           0           0           0           0           0           0           0           0           0           0           0           0           0           0           0           0           0           0           0           0           0           0           0           0           0           0           0           0           0           0           0           0           0           0           0           0           0           0           0           0           0           0           0           0           0           0           0           0           0           0           0           0           0           0           0           0           0           0           0           0           0           0           0           0           0           0           0           0           0           0           0           0           0           0           0           0           0           0           0           0           0           0           0           0           0           0           0           0           0           0           0           0           0           0           0           0           0           0           0           0           0           0           0           0           0           0           0           0           0           0           0           0           0           0           0           0           0           0           0           0           0           0           0           0           0           0           0           0           0           0           0           0           0           0           0           0           0           0           0           0           0           0           0           0           0           0           0           0           0           0           0           0           0           0           0           0           0           0           0           0           0           0           0           0           0           0           0           0           0           0           0           0           0           0           0           0           1           1           1           1           1           1           1           0           0           0           0           0           0           0           0           0           0           0           0           0           0           0           0           0           0           0           0           0           0           0           0           0           0           0           0           0           0           0           0           0           0           0           0           0           0           0           0           0           0           0           0           0           0           0           0           0           0           0           0           0           0           0           0           0           0           0           0           0           0           0           0           0           0           0           0           0           0           0           0           0           0           0           0           0           0           0           0           0           0           0           0           0           0           0           0           0           0           0           0           0
  OPTIM_READDATA: ncvargrd   ????????????????????????????????????????????????????????????????????????????????????????????????????????????????????????????????????????????????????????????????????????????????????????????????????????????????????????????????????????????????????????????????????????????????????????????????????????????ccccccc?????????????????????????????????????????????????????????????????????????????????????????????
  OPTIM_READDATA: end of optim_readdata
  

  OPTIM_READPARMS: Iteration number =            0
  number of control variables       =             296600122
  cost function value in ecco_ctrl  =    1898641.8462435429     
  expected cost function minimum    =    1803709.7539299999     
  expected cost function decrease   =    94932.092313542962     
  Data will be read from the following file: ecco_ctrl_MIT_CE_000.opt0000

  OPTIM_SUB: Calling m1qn3_optim for iteration:            0
  OPTIM_SUB: with nn, REAL_BYTE =             296600122           4
!!! nn =          296600122 ndz =         3559201468 nupdate =                  44*nn*nupdate*(2*nn+1) =         3559201468
  OPTIM_SUB: read model state

  OPTIM_READDATA: Reading control vector
                  for optimization cycle:            0
  
  OPTIM_READDATA: opened file ecco_ctrl_MIT_CE_000.opt0000                                                                                                    
  OPTIM_READDATA: nvartype            7
  OPTIM_READDATA: nvarlength    296600122
  OPTIM_READDATA: yctrlid MIT_CE_000
  OPTIM_READDATA: filenopt            0
  OPTIM_READDATA: fileff    0.0000000000000000     
  OPTIM_READDATA: fileiG            1
  OPTIM_READDATA: filejG            1
  OPTIM_READDATA: filensx            1
  OPTIM_READDATA: filensy            1
  OPTIM_READDATA: end of optim_readdata
  

  OPTIM_READDATA: Reading cost function and gradient of cost function
                  for optimization cycle:            0
  
  OPTIM_READDATA: opened file ecco_cost_MIT_CE_000.opt0000                                                                                                    
  OPTIM_READDATA: nvartype            7
  OPTIM_READDATA: nvarlength    296600122
  OPTIM_READDATA: yctrlid MIT_CE_000
  OPTIM_READDATA: filenopt            0
  OPTIM_READDATA: fileff    1898641.8462435429     
  OPTIM_READDATA: fileiG            1
  OPTIM_READDATA: filejG            1
  OPTIM_READDATA: filensx            1
  OPTIM_READDATA: filensy            1
  OPTIM_READDATA: end of optim_readdata
  
  OPTIM_SUB after reading ecco_ctrl and ecco_cost:
  OPTIM_SUB          nn =             296600122
  OPTIM_SUB        objf =    1898641.8462435429     
  OPTIM_SUB       xx(1) =    1.7471742467023432E-005   1.9384873667149805E-005
  OPTIM_SUB:   mean(xx) =  -1.7809662976412781E-005
  OPTIM_SUB:    max(xx) =  0.23491182923316956     
  OPTIM_SUB:    min(xx) = -0.27968260645866394     
  OPTIM_SUB:    std(xx) =   3.7389314064002734E-005
  OPTIM_SUB    adxx(1)  =    3.4943484934046865E-005   3.8769747334299609E-005
  OPTIM_SUB: mean(adxx) =   4.1330352788438031E-002
  OPTIM_SUB:  max(adxx) =   6138.8061523437500     
  OPTIM_SUB:  min(adxx) =  -4220.3750000000000     
  OPTIM_SUB:  std(adxx) =   1353.2897198517378     
  OPTIM_SUB: cold start, optimcycle =           0
  OPTIM_SUB: call m1qn3_offline ........
m_before =        1
m_after =        4
